u1 Di full 32
  1 至 11 列
    0.0096    0.0125    0.0130    0.0134    0.0139    0.0157    0.0746    1.2028    0.3413    1.0000    1.0000
  12 至 15 列
    1.0000    1.0000    1.0000    1.0000
u1 Di full 64
1 至 11 列
    0.0096    0.0126    0.0130    0.0134    0.0137    0.0137    0.0832    1.1739    0.6565    1.1739    1.0774
  12 至 15 列
    0.7906    1.1739    1.0774    0.7906
u1 Di full 128
1 至 11 列
    0.0096    0.0126    0.0130    0.0134    0.0137    0.01500    0.8306    0.6262    1.5807    1.0000
  12 至 15 列
    1.0000    1.0000    1.0000    1.0000
u1 Di full 256
1 至 11 列
    0.0096    0.0126    0.0130    0.0134    0.0137    0.0147    0.1577    0.5933    1.0000    1.0328    0.9682
  12 至 15 列
    1.0000    1.0328    0.9682    1.0000

u1 mixed full 32
1 至 11 列
    0.0096    0.0125    0.0129    0.0133    0.0135    0.0142    0.0705    1.0000    0.4987    1.0000    1.0000
  12 至 15 列
    1.0000    1.0000    1.0000    1.0000
u1 mixed full 64
1 至 11 列
    0.0096    0.0126    0.0130    0.0134    0.0137    0.0137    0.0951    0.8055    1.2399    0.5725    1.0535
  12 至 15 列
    1.0008    1.6588    0.9987    0.8530
u1 mixed full 128
1 至 11 列
    0.0096    0.0126    0.0130    0.0134    0.0137    0.0140    0.0736    1.3357    0.7830    0.6905    1.5810
  12 至 15 列
    0.8872    1.2591    1.0597    1.0000
u1 mixed full 256
1 至 11 列
    0.0096    0.0126    0.0130    0.0134    0.0137    0.0147    0.0834    1.3381    0.6050    1.5745    0.6351
  12 至 15 列
    1.5745    0.6351    1.5745    0.6969

u1 Di in 32
1 至 11 列
    0.0031    0.0041    0.0048    0.0052    0.0081    0.5158    0.8747    1.1433    1.5297    0.6537    0.7722
  12 至 15 列
    1.2949    1.0285    1.0000    0.9723
u1 Di in 64
1 至 11 列
    0.0031    0.0041    0.0045    0.0048    0.0118    0.4763    1.0259    1.1409    0.9058    1.0000    0.6845
  12 至 15 列
    1.2791    1.1422    1.1232    0.8377
u1 Di in 128
1 至 11 列
    0.0031    0.0041    0.0045    0.0049    0.0117    0.4501    1.6595    0.6345    1.1136    0.9681    1.0635
  12 至 15 列
    1.2674    0.6768    1.1249    0.9704
u1 Di in 256
1 至 11 列
    0.0031    0.0041    0.0045    0.0049    0.0137    0.7060    0.6272    1.0225    1.1228    0.9377    1.3507
  12 至 15 列
    0.7386    1.0000    0.8872    1.2001

u1 mixed in 32
1 至 11 列
    0.0031    0.0040    0.0044    0.0048    0.0068    0.7542    1.0000    1.5297    1.0000    0.6537    0.7132
  12 至 15 列
    1.4420    1.4874    0.6723    1.4209
u1 mixed in 64
1 至 11 列
    0.0031    0.0041    0.0045    0.0049    0.0076    0.7522    0.9580    1.1240    0.9029    0.9455    0.9529
  12 至 15 列
    1.0506    0.9830    1.2616    0.8394
u1 mixed in 128
1 至 11 列
    0.0031    0.0041    0.0045    0.0049    0.0090    1.0000    0.7661    0.7933    1.0000   1.1679    0.9747
  12 至 15 列
    1.0504    0.9520    0.8459    0.7458
u1 mixed in 256
1 至 11 列
    0.0031    0.0041    0.0045    0.0049    0.0094    0.8798    0.9585    0.7939    1.1028    1.1421    0.9495
  12 至 15 列
    0.9546    0.9197    0.8695    1.0970

u2 Di fu 32
1 至 8 列
    0.0092    0.0124    0.0128    0.0132    0.0136    0.0145    0.0391    0.9268
  9 至 15 列
    1.6391    1.0000    1.0000    1.0000    1.0000    1.0000    1.0000
u2 Di fu 64
1 至 8 列
    0.0095    0.0125    0.0129    0.0133    0.0136    0.0142    0.0812    1.0136
  9 至 15 列
    1.0000    1.0000    1.0000    1.0000    1.0000    1.0000    1.0000
u2 Di fu 128
1 至 8 列
    0.0096    0.0126    0.0130    0.0134    0.0137    0.0155    0.1180    0.7568
  9 至 15 列
    0.7049    1.0000    1.0000    1.0000    1.0000    1.0000    1.0000
U2 Di fu 256
1 至 8 列
    0.0096    0.0126    0.0130    0.0134    0.0137    0.0158    0.0718    1.1791
  9 至 15 列
    1.0000    0.7433    1.0000    0.8497    1.1768    1.0000    1.0000

u2 mixed fu 32
1 至 8 列
    0.0092    0.0124    0.0128    0.0132    0.0135    0.0141    0.0978    0.6301
  9 至 15 列
    0.6663    1.7969    0.8352    0.6663    1.7969    0.8352    0.6663
u2 mixed fu 64
1 至 8 列
    0.0095    0.0125    0.0130    0.0133    0.0137    0.0142    0.0676    0.8857
  9 至 15 列
    1.0000    1.3749    0.7273    0.9085    1.2969    0.7711    1.0000
u2 mixed fu 128
1 至 8 列
    0.0096    0.0126    0.0130    0.0134    0.0137    0.0146    0.1478    0.5880
  9 至 15 列
    0.7449    1.1715    1.0000    1.0000    1.0000    1.0000    1.0000
u2 mixed fu 256
1 至 8 列
    0.0096    0.0126    0.0130    0.0134    0.0137    0.0149    0.1294    0.7201
  9 至 15 列
    0.6525    1.1138    1.5769    0.6564    1.0000    1.0000    0.8448

u2 Di in 32
 1 至 8 列
    0.0030    0.0040    0.0047    0.0051    0.0093    0.4465    1.0741    0.5565
  9 至 15 列
    1.7969    1.0000    1.0000    1.4904    0.6709    1.0000    1.4904
u2 Di in 64
1 至 8 列
    0.0030    0.0040    0.0045    0.0049    0.0060    1.0000    1.0000    0.5336
  9 至 15 列
    1.8742    0.6062    1.4670    1.1246    1.0000    1.0000    1.0000
u2 Di in 128
1 至 8 列
    0.0031    0.0040    0.0045    0.0049    0.0092    0.7134    0.7602    1.0207
  9 至 15 列
    1.3917    1.3210    0.5439    1.3917    1.0000    1.3210    0.6936
u2 Di in 256
1 至 8 列
    0.0031    0.0041    0.0045    0.0048    0.0088    0.8022    0.6640    1.4000
  9 至 15 列
    0.6704    1.0655    1.3283    1.1115    0.7339    1.5714    0.970

u2 mixed in 32
1 至 8 列
    0.0030    0.0039    0.0044    0.0048    0.0059    0.8977    1.4904    0.6709
  9 至 15 列
    1.0000    1.4215    0.9852    0.7141    1.0000    1.0000    1.0000
u2 mixed in 64
1 至 8 列
    0.0030    0.0040    0.0045    0.0048    0.0142    0.4239    0.5336    1.8742
  9 至 15 列
    1.0000    1.0000    1.0000    1.3938    0.7174    0.7838    1.0292
u2 mixed in 128
 1 至 8 列
    0.0031    0.0040    0.0045    0.0049    0.0061    1.0692    1.0000    0.5849
  9 至 15 列
    1.0070    1.1882    1.3879    1.0295    0.7683    1.0000    1.4214
u2 mixed in 256
1 至 8 列
    0.0031    0.0041    0.0045    0.0049    0.0109    0.6091    0.8746    0.8771
  9 至 15 列
    0.9735    1.4699    0.9844    0.7902    1.1466    1.0613    1.0254

u3 Di fu 32
1 至 8 列
    0.0095    0.0125    0.0129    0.0134    0.0137    0.0155    0.0691    0.5652
  9 至 15 列
    1.0000    1.5339    0.5885    1.6993    0.5885    1.6993    0.5885
u3 Di fu 64
1 至 8 列
    0.0096    0.0126    0.0130    0.0134    0.0137    0.0150    0.0594    1.4652
  9 至 15 列
    1.0000    1.0000    1.0000    1.0000    1.0000    1.0000    1.0000
u3 Di fu 128
1 至 8 列
    0.0096    0.0126    0.0130    0.0134    0.0137    0.0155    0.0794    0.6519
  9 至 15 列
    1.3453    1.0000    0.8550    1.0969    1.0662    1.0000    1.0000
U3 Di fu 256
1 至 8 列
    0.0114    0.0142    0.0150    0.0161    0.0165    0.0173    0.0272    1.0332
  9 至 15 列
    0.8252    0.8972    1.0167    1.0963    0.8033    1.3679    0.9903

u3 mixed fu 32
1 至 8 列
    0.0113    0.0141    0.0149    0.0160    0.0163    0.0164    0.0327    0.4271
  9 至 15 列
    1.8808    0.5609    1.0546    1.6904    0.5909    1.0000    1.0000
u3 mixed fu 64
1 至 8 列
    0.0113    0.0142    0.0150    0.0161    0.0165    0.0169    0.0279    0.7425
  9 至 15 列
    0.9351    0.8687    1.0000    1.1991    0.8339    1.0000    0.8794
u3 mixed fu 128
1 至 8 列
    0.0114    0.0142    0.0150    0.0161    0.0165    0.0167    0.0367    0.7234
  9 至 15 列
    0.7243    1.0000    1.0000    1.0000    1.0000    1.0000    1.0000
u3 mixed fu 256
1 至 8 列
    0.0114    0.0142    0.0150    0.0161    0.0165    0.0169    0.0361    0.7179
  9 至 15 列
    0.9660    0.8459    0.9952    0.8997    1.1169    0.8954    1.1169

u3 Di in 32
 1 至 8 列
    0.0030    0.0041    0.0048    0.0052    0.0084    0.4581    1.0000    1.3217
  9 至 15 列
    0.7566    1.2962    1.0196    1.1503    0.6083    1.0066    1.1728
u3 Di in 64
1 至 8 列
    0.0031    0.0041    0.0045    0.0048    0.0060    1.1056    1.0000    0.8345
  9 至 15 列
    0.8945    0.8830    0.9284    1.5571    0.9240    0.6950    1.4388
u3 Di in 128
1 至 8 列
    0.0031    0.0041    0.0045    0.0049    0.0074    0.6997    0.8684    1.4403
  9 至 15 列
    1.4077    0.6143    1.0792    1.1365    0.9057    1.1419    0.6958
u3 Di in 256
1 至 8 列
    0.0031    0.0041    0.0045    0.0049    0.0076    1.3381    0.8366    0.5347
  9 至 15 列
    1.4856    0.8605    1.2961    0.9392    0.7825    1.0270    1.4931

u3 mixed in 32
 1 至 8 列
    0.0030    0.0040    0.0044    0.0048    0.0061    0.8673    1.2705    0.7871
  9 至 15 列
    0.8394    0.9793    1.4075    0.6040    1.0038    1.1718    0.8263
u3 mixed in 64
1 至 8 列
    0.0031    0.0041    0.0045    0.0048    0.0066    0.9045    0.9994    0.9923
  9 至 15 列
    0.9815    0.8478    1.1999    0.9715    0.7033    1.7655    0.9257
u3 mixed in 128
1 至 8 列
    0.0031    0.0041    0.0045    0.0049    0.0088    0.6728    1.1592    0.8626
  9 至 15 列
    0.7875    1.2698    0.8841    0.7627    1.4829    0.7722    1.0235
u3 mixed in 256
1 至 8 列
    0.0031    0.0041    0.0045    0.0049    0.0078    0.8172    1.2069    0.7245
  9 至 15 列
    1.0541    1.0373    1.1268    1.0329    1.0978    0.8366    0.9553
